281792804290563
281792804290567
281792804290570
281792804290573
281792804290576
281792804290579
281792804290582
281792804290586
281792804290590
281792804290594
281792804290598
281792804290602
281792804290606
281792804290610
281792804290616
281792804290620
281792804290624
281792804290628
281792804290632
281792804290636
281792804290640
281792804290644
281792804290648
281792804290653
281792804290657
281792804290661
281792804290665
281792804290669
281792804290673
281792804290677
281792804290681
281792804290685
281792804290690
281792804290694
281792804290698
281792804290702
281792804290706
281792804290710
281792804290714
281792804290718
281792804290722
281792804290726
281792804290730
281792804290734
281792804290738
281792804290742
281792804290746
281792804290750
281792804290754
281792804290758
281792804290762
281792804290766
281792804290770
281792804290774
281792804290778
281792804290783
281792804290787
281792804290791
281792804290795
281792804290799
281792804290803
281792804290808
281792804290809
281792804290815
281792804290821
281792804290822
281792804290827
281792804290831
281792804290835
281792804290840
281792804290844
281792804290849
281792804290853
281792804290858
281792804290862
281792804290866
281792804290870
281792804290874
281792804290879
281792804290880
281792804290887
281792804290891
281792804290895
281792804290900
281792804290901
281792804290906
281792804290910
281792804290914
281792804290919
281792804290923
281792804290927
281792804290931
281792804290935
281792804290939
281792804290943
281792804290947
281792804290951
281792804290955
281792804290959
281792804290963
281792804290967
281792804290971
281792804290975
281792804290979
281792804290983
281792804290987
281792804290991
281792804290995
281792804291001
281792804291005
281792804291009
281792804291013
281792804291017
281792804291021
281792804291025
281792804291029
281792804291033
281792804291037
281792804291041
281792804291045
281792804291049
281792804291053
281792804291057
281792804291061
281792804291066
281792804291070
281792804291074
281792804291078
281792804291082
281792804291086
281792804291090
281792804291094
281792804291098
281792804291104
281792804291105
281792804291110
281792804291114
281792804291118
281792804291122
281792804291126
281792804291129
281792804291135
281792804291139
281792804291143
281792804291147
281792804291151
281792804291155
281792804291159
281792804291163
281792804291167
281792804291171
281792804291175
281792804291179
281792804291183
281792804291187
281792804291191
281792804291195
281792804291199
281792804291203
281792804291207
281792804291211
281792804291216
281792804291217
281792804291222
281792804291226
281792804291230
281792804291234
281792804291238
281792804291242
281792804291246
281792804291250
281792804291254
281792804291258
281792804291262
281792804291265
281792804291269
281792804291273
281792804291277
281792804291281
281792804291285
281792804291289
281792804291293
281792804291297
281792804291301
281792804291305
281792804291309
281792804291313
281792804291317
281792804291321
281792804291325
281792804291329
281792804291333
281792804291337
281792804291341
281792804291345
281792804291349
281792804291354
281792804291358
281792804291362
281792804291366
281792804291370
281792804291374
281792804291378
281792804291383
281792804291384
281792804291388
281792804291392
281792804291396
281792804291400
281792804291404
281792804291408
281792804291412
281792804291416
281792804291420
281792804291424
281792804291428
281792804291432
281792804291436
281792804291440
281792804291444
281792804291448
281792804291452
281792804291456
281792804291460
281792804291464
281792804291468
281792804291472
281792804291476
281792804291480
281792804291484
281792804291488
281792804291492
281792804291497
281792804291501
281792804291505
281792804291509
281792804291513
281792804291517
281792804291521
281792804291525
281792804291531
281792804291532
281792804291538
281792804291542
281792804291546
281792804291550
281792804291554
281792804291558
281792804291562
281792804291566
281792804291570
281792804291574
281792804291578
281792804291582
281792804291586
281792804291590
281792804291594
281792804291598
281792804291602
281792804291606
281792804291610
281792804291614
281792804291618
281792804291622
281792804291628
281792804291632
281792804291636
281792804291640
281792804291647
281792804291648
281792804291652
281792804291656
281792804291660
281792804291664
281792804291668
281792804291672
281792804291676
281792804291680
281792804291684
281792804291688
281792804291692
281792804291700
281792804291705
281792804291709
281792804291713
281792804291721
281792804291725
281792804291729
281792804291733
281792804291737
281792804291741
281792804291745
281792804291749
281792804291753
281792804291757
281792804291761
281792804291765
281792804291769
281792804291773
281792804291777
281792804291781
281792804291785
281792804291789
281792804291793
281792804291797
281792804291800
281792804291804
281792804291808
281792804291813
281792804291818
281792804291822
281792804291826
281792804291830
281792804291836
281792804291842
281792804291846
281792804291850
281792804291855
281792804291859
281792804291863
281792804291867
281792804291873
281792804291874
281792804291879
281792804291883
281792804291887
281792804291891
281792804291895
281792804291899
281792804291903
281792804291907
281792804291912
281792804291916
281792804291923
281792804291927
281792804291932
281792804291936
281792804291940
281792804291945
281792804291949
281792804291953
281792804291957
281792804291961
281792804291965
281792804291969
281792804291973
281792804291977
281792804291981
281792804291985
281792804291989
281792804291994
281792804291997
281792804292001
281792804292005
281792804292009
281792804292013
281792804292017
281792804292021
281792804292027
281792804292031
281792804292035
281792804292039
281792804292044
281792804292048
281792804292053
281792804292057
281792804292061
281792804292065
281792804292069
281792804292073
281792804292077
281792804292081
281792804292085
281792804292089
281792804292093
281792804292098
281792804292103
281792804292104
281792804292108
281792804292115
281792804292116
281792804292121
281792804292125
281792804292129
281792804292130
281792804292131
281792804292135
281792804292139
281792804292143
281792804292147
281792804292152
281792804292156
281792804292160
281792804292164
281792804292168
281792804292177
281792804292181
281792804292185
281792804292189
281792804292193
281792804292200
281792804292206
281792804292210
281792804292214
281792804292218
281792804292222
281792804292226
281792804292230
281792804292233
281792804292237
281792804292241
281792804292245
281792804292249
281792804292253
281792804292256
281792804292262
281792804292266
281792804292270
281792804292274
281792804292279
281792804292287
281792804292294
281792804292298
281792804292303
281792804292311
281792804292317
281792804292323
281792804292327
281792804292333
281792804292338
281792804292342
281792804292346
281792804292350
281792804292354
281792804292358
281792804292362
281792804292368
281792804292369
281792804292373
281792804292377
281792804292383
281792804292388
281792804292392
281792804292396
281792804292400
281792804292404
281792804292408
281792804292412
281792804292416
281792804292423
281792804292424
281792804292429
281792804292430
281792804292434
281792804292439
281792804292444
281792804292450
281792804292455
281792804292463
281792804292467
281792804292473
281792804292479
281792804292481
281792804292484
281792804292490
281792804292495
281792804292500
281792804292504
281792804292507
281792804292511
281792804292514
281792804292520
281792804292523
281792804292528
281792804292539
281792804292544
281792804292548
281792804292556
281792804292559
281792804292562
281792804292565
281792804292567
281792804292580
281792804292584
281792804292587
281792804292590
281792804292595
281792804292596
281792804292601
281792804292613
281792804292618
281792804292630
281792804292634
281792804292637
281792804292640
281792804292643
281792804292651
281792804292654
281792804292657
281792804292660
281792804292663
281792804292666
281792804292669
281792804292672
281792804292677
281792804292682
281792804292684
281792804292687
281792804292689
281792804292691
281792804292694
281792804292700
281792804292703
281792804292706
281792804292717
281792804292719
281792804292722
281792804292725
281792804292728
281792804292731
281792804292735
281792804292739
281792804292744
281792804292745
281792804292748
281792804292752
281792804292756
281792804292762
281792804292765
281792804292769
281792804292773
281792804292777
281792804292780
281792804292784
281792804292788
281792804292792
281792804292795
281792804292799
281792804292803
281792804292804
281792804292823
281792804292826
281792804292829
281792804292833
281792804292837
281792804292840
281792804292843
281792804292857
281792804292863
281792804292869
281792804292876
281792804292879
281792804292881
281792804292884
281792804292888