281792804292847
281792804292806
281792804292865
281792804292810
281792804292808
281792804292813
281792804292819
281792804292831
281792804291100
281792804292854
281792804292821
281792804291287
281792804291527
281792804291528
281792804291536
281792804291430
281792804290596
281792804290708
281792804291364
281792804290977
281792804291161
281792804291157
281792804290565
281792804292203
281792804292235
281792804292750
281792804291715
281792804291523
281792804291642
281792804291267
281792804292771
281792804291951
281792804291834
281792804292024
281792804291133
281792804290736
281792804291108
281792804291450
281792804290748
281792804290764
281792804290756
281792804290916
281792804290604
281792804290667
281792804290716
281792804290724
281792804290933
281792804290720
281792804290655
281792804290679
281792804290981
281792804292007
281792804292779
281792804291084
281792804291173
281792804290824
281792804292726
281792804291638
281792804291335
281792804291426
281792804290785
281792804290813
281792804292071
281792804290728
281792804290876
281792804291193
281792804291088
281792804290651
281792804290618
281792804290612
281792804290613
281792804290626
281792804290993
281792804291507
281792804290851
281792804291616
281792804290642
281792804291717
281792804291787
281792804292158
281792804290842
281792804290634
281792804291410
281792804291686
281792804290883
281792804292767
281792804290921
281792804292733
281792804290846
281792804291131
281792804290817
281792804291244
281792804291486
281792804291643
281792804292112
281792804290860
281792804291055
281792804291327
281792804291299
281792804291394
281792804291343
281792804292432
281792804291975
281792804291007
281792804291043
281792804291351
281792804291303
281792804292260
281792804292042
281792804291630
281792804291658
281792804291248
281792804291076
281792804291027
281792804290776
281792804291870
281792804291116
281792804291112
281792804290925
281792804291307
281792804291390
281792804290793
281792804292867
281792804290805
281792804290780
281792804292775
281792804291406
281792804290740
281792804291051
281792804291295
281792804292106
281792804291323
281792804291372
281792804291275
281792804290732
281792804290941
281792804291165
281792804290592
281792804291256
281792804291612
281792804291634
281792804291499
281792804290837
281792804292059
281792804290744
281792804290855
281792804291654
281792804292063
281792804291181
281792804290908
281792804291544
281792804291011
281792804291438
281792804291540
281792804290818
281792804291339
281792804292760
281792804291503
281792804291380
281792804290687
281792804290998
281792804292816
281792804291608
281792804291092
281792804291446
281792804291662
281792804291670
281792804291650
281792804292371
281792804292390
281792804290929
281792804291291
281792804291279
281792804290989
281792804291674
281792804292119
281792804291319
281792804291039
281792804292220
281792804292871
281792804291560
281792804291490
281792804291019
281792804291881
281792804291987
281792804291331
281792804290945
281792804291205
281792804290949
281792804290588
281792804292133
281792804291806
281792804292886
281792804291889
281792804292055
281792804290997
281792804292243
281792804290985
281792804291153
281792804291580
281792804292329
281792804291759
281792804291853
281792804291771
281792804291909
281792804291592
281792804291600
281792804291604
281792804292477
281792804292019
281792804290889
281792804291031
281792804291918
281792804292041
281792804292356
281792804292364
281792804291967
281792804292033
281792804290683
281792804290696
281792804291213
281792804291992
281792804290829
281792804291149
281792804291816
281792804292123
281792804291252
281792804291556
281792804291576
281792804290760
281792804290580
281792804290659
281792804290663
281792804290671
281792804291368
281792804291414
281792804292737
281792804291564
281792804292003
281792804291711
281792804291921
281792804291828
281792804291869
281792804291775
281792804292418
281792804292419
281792804292872
281792804292426
281792804292420
281792804292786
281792804291201
281792804290957
281792804291743
281792804291747
281792804291751
281792804291735
281792804291731
281792804291719
281792804291723
281792804292375
281792804291568
281792804291236
281792804292292
281792804292268
281792804291920
281792804291938
281792804292202
281792804292037
281792804292414
281792804292379
281792804292310
281792804292015
281792804292216
281792804290884
281792804290969
281792804292340
281792804291783
281792804291727
281792804292212
281792804291739
281792804292797
281792804291942
281792804290904
281792804291832
281792804291169
281792804292251
281792804291838
281792804291840
281792804291979
281792804291462
281792804292301
281792804292325
281792804291596
281792804291145
281792804292191
281792804292095
281792804292096
281792804291820
281792804290712
281792804291177
281792804292173
281792804292264
281792804292790
281792804291315
281792804292336
281792804290650
281792804291690
281792804291955
281792804291983
281792804290752
281792804292110
281792804291035
281792804291127
281792804291386
281792804291572
281792804291434
281792804291833
281792804292118
281792804292461
281792804290622
281792804291120
281792804291519
281792804292255
281792804292394
281792804291015
281792804292091
281792804292239
281792804292247
281792804292754
281792804291376
281792804291494
281792804291454
281792804291101
281792804290675
281792804291694
281792804291703
281792804290917
281792804291943
281792804290885
281792804291271
281792804291934
281792804291919
281792804292386
281792804292410
281792804292321
281792804291474
281792804290630
281792804290833
281792804290937
281792804290973
281792804291620
281792804291666
281792804292150
281792804291905
281792804292166
281792804292285
281792804291716
281792804291763
281792804290768
281792804291352
281792804292469
281792804292442
281792804292145
281792804292087
281792804292360
281792804292437
281792804292101
281792804290953
281792804292183
281792804292365
281792804292509
281792804292291
281792804291914
281792804292170
281792804292029
281792804291861
281792804292067
281792804291220
281792804291678
281792804292296
281792804292204
281792804291470
281792804290600
281792804291478
281792804291682
281792804291063
281792804291068
281792804291072
281792804291624
281792804291625
281792804290893
281792804290638
281792804291707
281792804292023
281792804292465
281792804291791
281792804291755
281792804291795
281792804291844
281792804290692
281792804290577
281792804290584
281792804290608
281792804290646
281792804290700
281792804290789
281792804290797
281792804290801
281792804290864
281792804290868
281792804290912
281792804290965
281792804291023
281792804291137
281792804291124
281792804291189
281792804291197
281792804291767
281792804291877
281792804291209
281792804291224
281792804291228
281792804291283
281792804291311
281792804291347
281792804291398
281792804291402
281792804292436
281792804291422
281792804291458
281792804291442
281792804291466
281792804291482
281792804291548
281792804291360
281792804291552
281792804291718
281792804291588
281792804291644
281792804291779
281792804291802
281792804291810
281792804291857
281792804291885
281792804291897
281792804291930
281792804292075
281792804292079
281792804292083
281792804292137
281792804292315
281792804292149
281792804292162
281792804292179
281792804292187
281792804292402
281792804292406
281792804292198
281792804292208
281792804292228
281792804292272
281792804292398
281792804292446
281792804292447
281792804292111
281792804290568
281792804292835
281792804292344
281792804292348
281792804290574
281792804290572
281792804292782
281792804290704
281792804290772
281792804291418
281792804291356
281792804291515
281792804291003
281792804291963
281792804291080
281792804290961
281792804292224
281792804291824
281792804291047
281792804291584
281792804291059
281792804290872
281792804291096
281792804291240
281792804292453
281792804291865
281792804292861
281792804292141
281792804291901
281792804291991
281792804290897
281792804291848
281792804290561
281792804291260
281792804291893
281792804291132
281792804291511
281792804292154
281792804291214
281792804291910
281792804291925
281792804292011
281792804291999
281792804292277
281792804291947
281792804292470
281792804291959
281792804291971
281792804292330
281792804291185
281792804291232
281792804292046
281792804291141